0 19
0 13
0 3
0 78
0 65
0 82
1 31
1 54
1 73
1 45
1 6
1 3
1 33
1 71
1 28
1 22
1 42
1 41
1 80
1 52
1 18
1 38
1 85
1 15
1 55
1 86
1 32
1 57
1 75
1 66
1 34
1 53
1 82
1 78
1 10
1 65
1 79
2 21
2 22
2 71
2 57
2 86
2 82
2 32
3 11
3 86
3 18
3 73
3 31
3 54
3 45
3 33
3 1
3 20
3 17
3 58
3 0
3 48
3 13
3 19
3 82
3 78
3 65
4 30
4 33
4 82
4 77
5 46
5 82
6 34
6 1
6 18
6 86
6 32
6 33
6 82
6 57
7 70
7 48
7 82
8 10
8 75
8 13
8 39
8 82
8 56
9 41
9 82
10 8
10 39
10 13
10 66
10 82
10 75
10 1
11 73
11 31
11 45
11 33
11 13
11 20
11 19
11 3
11 67
11 35
11 51
11 82
12 42
12 26
12 84
12 59
12 18
13 11
13 73
13 31
13 45
13 33
13 20
13 48
13 0
13 8
13 39
13 10
13 75
13 3
13 19
13 82
13 78
13 65
14 60
14 48
14 82
15 66
15 76
15 62
15 21
15 41
15 75
15 65
15 1
15 82
16 36
16 83
16 18
16 86
16 57
16 44
16 72
16 49
16 82
17 3
17 70
17 58
17 82
17 48
18 50
18 22
18 71
18 3
18 54
18 6
18 41
18 80
18 52
18 42
18 26
18 84
18 12
18 59
18 1
18 31
18 73
18 34
18 65
18 70
18 45
18 33
18 36
18 83
18 86
18 57
18 16
18 44
18 72
18 49
18 67
18 68
18 51
18 48
18 82
19 11
19 73
19 31
19 45
19 33
19 86
19 58
19 70
19 20
19 48
19 0
19 3
19 13
19 82
19 78
19 65
20 11
20 73
20 31
20 45
20 33
20 13
20 3
20 65
20 82
20 78
20 19
21 2
21 76
21 62
21 15
21 41
21 82
22 42
22 18
22 1
22 34
22 2
22 86
22 28
22 66
22 71
22 82
22 32
23 66
23 65
23 79
23 82
24 82
25 82
26 42
26 84
26 12
26 59
26 18
27 50
27 68
27 67
27 82
28 34
28 1
28 86
28 32
28 71
28 22
28 82
28 66
29 38
29 82
30 4
30 33
30 66
30 43
30 75
30 82
31 11
31 13
31 20
31 19
31 3
31 65
31 86
31 1
31 18
31 69
31 45
31 73
31 54
31 33
31 82
32 6
32 28
32 66
32 57
32 2
32 22
32 71
32 86
32 1
32 82
33 11
33 13
33 20
33 19
33 3
33 86
33 34
33 1
33 70
33 18
33 6
33 57
33 4
33 65
33 69
33 45
33 73
33 31
33 54
33 82
33 30
34 6
34 86
34 57
34 33
34 28
34 22
34 18
34 85
34 65
34 71
34 55
34 75
34 66
34 1
34 53
34 82
35 51
35 11
35 82
36 83
36 18
36 86
36 57
36 16
36 44
36 72
36 49
36 82
37 82
38 29
38 65
38 1
38 82
39 10
39 75
39 13
39 82
39 8
39 56
40 82
41 9
41 42
41 18
41 65
41 86
41 1
41 80
41 52
41 76
41 62
41 15
41 21
41 66
41 82
42 22
42 71
42 80
42 52
42 65
42 1
42 41
42 86
42 82
42 26
42 84
42 12
42 59
42 18
43 30
43 75
43 82
44 36
44 83
44 18
44 86
44 57
44 16
44 72
44 49
44 82
45 11
45 13
45 20
45 19
45 3
45 65
45 86
45 1
45 70
45 18
45 69
45 73
45 31
45 54
45 33
45 82
46 5
46 82
47 82
48 60
48 14
48 7
48 13
48 19
48 65
48 70
48 58
48 17
48 78
48 3
48 67
48 68
48 51
48 18
48 82
49 36
49 83
49 18
49 86
49 57
49 16
49 44
49 72
49 82
50 84
50 59
50 18
50 27
50 68
50 67
50 82
51 67
51 68
51 18
51 48
51 35
51 11
51 82
52 42
52 65
52 86
52 1
52 18
52 82
52 80
52 41
53 75
53 66
53 34
53 1
53 82
54 3
54 65
54 86
54 18
54 1
54 69
54 45
54 73
54 31
54 33
54 82
55 82
55 34
55 1
56 39
56 82
56 8
57 70
57 68
57 34
57 71
57 36
57 83
57 18
57 16
57 44
57 72
57 49
57 33
57 6
57 86
57 32
57 2
57 1
57 82
58 19
58 3
58 70
58 82
58 48
58 17
59 50
59 42
59 26
59 84
59 12
59 18
60 14
60 48
60 82
61 82
62 76
62 15
62 21
62 41
62 82
63 82
64 82
65 73
65 31
65 54
65 45
65 42
65 80
65 52
65 41
65 86
65 85
65 34
65 18
65 38
65 15
65 20
65 48
65 33
65 66
65 23
65 3
65 13
65 19
65 0
65 75
65 82
65 79
65 78
65 1
66 15
66 41
66 86
66 32
66 28
66 71
66 22
66 34
66 53
66 1
66 30
66 65
66 10
66 23
66 75
66 79
66 82
67 18
67 48
67 51
67 27
67 50
67 68
67 82
67 11
68 70
68 57
68 18
68 48
68 51
68 27
68 50
68 67
68 82
69 45
69 73
69 31
69 54
69 33
69 82
70 7
70 57
70 68
70 19
70 45
70 33
70 18
70 58
70 48
70 17
70 82
71 42
71 18
71 1
71 57
71 2
71 34
71 86
71 28
71 66
71 22
71 82
71 32
72 36
72 83
72 18
72 57
72 16
72 44
72 49
72 86
72 82
73 11
73 13
73 20
73 19
73 3
73 65
73 86
73 1
73 18
73 69
73 45
73 31
73 54
73 33
73 82
74 82
75 15
75 34
75 53
75 1
75 8
75 39
75 13
75 10
75 66
75 79
75 43
75 30
75 65
75 82
76 62
76 15
76 21
76 41
76 82
77 82
77 4
78 20
78 0
78 48
78 3
78 13
78 19
78 82
78 1
78 65
79 23
79 66
79 75
79 65
79 82
79 1
80 42
80 65
80 86
80 1
80 18
80 82
80 52
80 41
81 82
82 55
82 9
82 42
82 80
82 52
82 29
82 76
82 62
82 21
82 41
82 36
82 83
82 16
82 44
82 49
82 72
82 60
82 14
82 38
82 85
82 15
82 20
82 7
82 70
82 58
82 17
82 61
82 37
82 25
82 64
82 63
82 6
82 28
82 2
82 81
82 22
82 71
82 86
82 32
82 57
82 34
82 1
82 53
82 74
82 40
82 4
82 77
82 69
82 45
82 73
82 31
82 54
82 33
82 46
82 5
82 10
82 39
82 8
82 56
82 24
82 23
82 48
82 18
82 27
82 50
82 68
82 67
82 35
82 51
82 11
82 47
82 66
82 3
82 13
82 19
82 78
82 0
82 43
82 30
82 75
82 65
82 79
83 36
83 18
83 86
83 57
83 16
83 44
83 72
83 49
83 82
84 50
84 42
84 26
84 12
84 59
84 18
85 34
85 65
85 1
85 82
86 19
86 3
86 73
86 31
86 54
86 45
86 33
86 34
86 42
86 65
86 41
86 80
86 52
86 6
86 36
86 83
86 18
86 16
86 44
86 49
86 72
86 28
86 71
86 22
86 66
86 57
86 2
86 32
86 1
86 82